233 0,3
466 1,1
700 2,2
933 3
1167 0,3,0
1400 1,1
1867 1,1
2101 0,3,0
2334 3
2568 2
2801 1
3035 3,0
3268 2
3501 1
3735 1
3968 3,0
4202 1
4435 0
4669 1
4902 2
5136 0,3
5603 1
5836 1
5953 1
6070 0
6303 0,3
6536 1
7237 1
7470 2
7704 0
7937 1
8171 3
8404 2
8638 1
8871 2
9338 3
9571 0
9805 1
10038 2
10272 0
10505 3
10739 2
10972 0
11439 0
11673 1
11906 1
12140 1
12256 1
12373 2
12607 3
12840 2
13073 1
13190 1
13307 0
14241 3
14357 3
14474 2
14591 2
14708 0
14766 1
14824 2
14883 3
14941 0
15000 1
15058 2
15116 3
15175 0
15291 0
15408 1
15525 1
15642 0
15758 0
15875 3
15992 3
16108 1
16225 1
16342 2
16459 2
16575 0
16634 1
16692 2
16750 3
16809 1
16926 1
17042 0
17159 0
17276 3
17392 3
17509 1
17626 1
17743 3
17859 3
17976 0
18093 0
18210 2
18326 2
18443 3
18560 3
18677 1
18793 1
18910 2
19027 2
19143 1
19260 1
19377 2
19494 2
19610 1
19727 1
19844 2
19961 2
20077 3
20194 3
20311 0
20369 1
20428 2
20486 3
20544 0
20661 0
20778 3
20894 3
21011 1
21128 1
21245 3
21303 2
21332 1
21391 0
21712 2,3,0,1
21945 3,0,1,2
22178 2,1,0,3
22412 0,2,1,3
22645 1
22762 0
22879 2
22996 1
23112 3
23229 2
23346 0
23463 3
23579 1
23696 0
23813 2
23929 1
24046 0
24105 1
24163 2
24221 3
24280 1
24396 2
24513 1
24630 3
24747 0
24863 2
24980 1
25097 1
25214 2
25330 0
25447 3
25564 2
25680 0
25797 0
25914 2
26031 1
26147 2
26264 2
26381 1
26498 1
26614 0,3
26731 0,3
26848 0,3
27315 3,0
27431 0,3
27548 0,3
27665 0,3
28249 1,0
28365 0,1
28482 0,1
28599 2,3
28715 2,3
28832 2,3
28949 1,0
29066 0,1
29182 0,1
29416 2
29649 3
29883 2
30116 3
30350 1
30583 1
30817 1
30933 2
31050 0
31284 0
31517 0
31750 0
31867 1
31984 2
32217 2
32451 0
32684 2
32918 1
33151 0
33268 1
33385 1
33618 0
33852 1
33968 2
34085 0
34202 1
34319 3
34552 1
34669 2
34785 0
35019 0
35136 0
35252 2
35486 1
35719 2
35836 1
35953 0
36070 2
36186 1
36303 0
36420 1
36653 2
36887 0
37003 2
37120 0
37237 1
37354 3
37470 2
37587 0
37704 3
37821 1
37937 0
38054 2
38112 1
38171 0
38229 2
38287 3
38404 1
38521 0
38638 1
38754 3
38813 2
38871 0
38988 2
39105 1
39221 0
39280 1
39396 1
39455 3
39571 0
39630 2
39688 1
39805 0
39922 2
40038 1
40155 0
40272 2
40389 3
40505 1
40564 0
40622 0
40739 1
40797 1
40856 2
41089 0
41322 1
41556 2
41789 1
42023 2
42256 1
42373 0
42490 3
42607 1
42665 3
42723 0
42782 1
42840 2
42898 3
42957 1
43015 0
43073 2
43132 3
43190 1
45058 1
46926 1
48793 1
50661 1
52529 1
52645 0
52762 2
52879 1
52996 3
53229 2,1
53463 1,2
54396 2
54513 1
54630 3
54747 0
54863 1
55097 0,3
55330 0,3
56264 1
56381 2
56498 3
56614 2
56731 1
56848 0
56964 1
57081 2
57198 1
57548 2
57665 2
57782 2
58132 1
58249 0
58365 1
58482 2
58599 1
58715 2
58832 3
58949 2
59066 1
60000 2
60233 1,0
60350 1,0
60583 3,2
60700 2,3
60933 2
61050 0
61167 1
61284 3
61400 2
61634 1,0
61867 2
62101 2,3
62217 2,3
62451 1,0
62568 0,1
62801 3
62918 1
63035 0
63151 3
63268 2
63501 1
63735 0
63968 3,2
64085 2,3
64319 0,1
64435 0,1
64669 2
64785 1
64902 0
65019 2
65136 3
65369 1,0
65603 2,3
65836 0,1
65953 1,0
66186 2
66303 1
67470 1,2
67704 3,0
67821 0,3
68054 3,0
68171 0,3
68404 2
68521 3
68638 0
68754 3
68871 2
69105 0,1
69338 3,2
69571 2,1
69688 1,2
69922 2,1
70038 2,1
70272 1
70389 3
70505 0
70622 1
70739 3
70972 1
71206 1,2
71439 0,3
71556 0,3
71789 0,3
71906 3,0
72140 1
72256 0
72373 3
72490 0
72607 1
72840 0
72957 0
73073 0
73540 2
73774 1
74007 0
74241 1
74474 2
74708 3
74824 2
74941 1
75058 0
75175 1
75291 2
75408 3
75466 2
75525 1
75583 0
75642 1
75700 2
75758 3
75817 2
75875 1
75933 0
75992 1
76050 2
76108 3
76167 2
76225 1
76284 0
76342 1
76400 2
76459 3
76517 2
76575 1
78910 2,1,0,3
83346 0,1,3
83579 3,1,2
83813 0,1,2
85680 1
85914 2
86031 1
86147 2
86381 2
86614 0
86731 0
86848 2
87548 1
87782 1
88015 2
88132 1
88249 1
88482 3
88599 0
88715 2
88832 0
88949 3
89182 1
89299 2
89416 0
89533 1
89649 2
89766 3
90817 1
91050 0
91284 2
91517 3
91634 3
91750 2
91984 0
92217 1
92334 1
92451 0
92684 3
92801 1
92918 0
93151 3
93385 2
93501 1
93618 2
95019 0,3
95252 1
95486 0,3
95719 2
95953 0,3
96186 1
96420 3,0
96653 2
96887 3
97003 1
97120 0
97237 2
97354 1
97470 3
97587 0
97821 1,2,0,3
98054 0,1,2,3
98287 0,3,2,1
99221 1,2
99455 0,2
99688 2,3
99922 1,3
100155 0
100272 3
100389 1
100505 1
100564 2
100622 0
100739 3
100856 1
100972 0
101089 2
101206 3
101322 2
101439 0
101556 1
101673 3
101731 0
101789 1
101906 2
102023 0
102140 1
102256 3
102373 1
102490 1
102607 0
102723 1
102840 0
102957 3
103015 0
103073 2
103190 0
103424 2
103540 1
103891 1
104007 2
104124 0
104182 1
104241 2
104357 1
104474 0
104591 1
104708 0
104766 1
104824 3
104941 2
104999 0
105058 2
105116 1
105204 3
105291 1
105408 0
105466 2
105525 1
105583 3
105642 0
105758 3
105875 0
105992 3
106050 0
106108 1
106167 3
106225 0
106284 2
106342 2
106400 0
106459 2
106517 1
106575 2
106634 0
106692 0
106750 3
106809 2
106867 0
106926 3
106984 1
107042 0
107101 0
107159 1
107217 2
107276 0
107334 3
107392 2
107451 1
107509 3
107568 0
107626 2
129105 0
129163 1
129221 2
129280 3
129338 0
129396 1
129455 2
129513 3
129571 0
129630 1
129688 2
129747 3
129805 2
129863 1
129922 0
129980 1
130038 2
130097 3
130155 2
130214 1
130272 0
130330 1
130389 2
130447 3
130505 2
130564 1
130622 0
130680 1
130739 2
130797 3
130856 2
130914 1
130972 0
131031 1
131089 2
131147 3
131206 2
131235 1
131264 0
131293 1
131322 2
131352 3
131381 2
131410 1
131439 0
131468 1
131498 2
131527 3
131556 2
131585 1
131614 0
131643 1
131673 2
131702 3
131731 2
131760 1
131789 0
131819 1
131848 2
131877 3
131906 2
131935 1
131964 0
131994 1
132023 2
132052 3
132081 2
132110 1
132140 0
132169 1
132198 2
132227 3
132256 2
132285 1
132315 0
132344 1
132373 2
132402 3
132431 2
132461 1
132490 0
132519 1
132548 2
132577 3
132607 2
132636 1
132665 0
132694 1
132723 2
132752 3
132782 2
132811 1
132840 0
132869 1
132898 2
132928 3
132957 2
132986 1
133015 0
133044 1
133073 2
133190 2
133307 1
133424 0
133540 1