5600 0,1,2,3
6400 2,0
6600 3
6800 2,0
7000 3
7200 2,0
7400 3
7600 0,2
8000 0,3
8400 0,3
8800 0,3
9000 3,1
9200 3,2
9400 3,1
9600 0,3
10000 3
10400 0
12800 3,0
13200 1
13600 0,3
14000 2
14400 0,3
14800 2
15200 0,3
15600 1
16000 0,3
16400 1
16800 3,0
17200 2
17600 0,3
18000 1
18400 3,0
19200 0
19400 1
19600 2
19800 3
20000 2,0
20200 1
20400 0
20600 1
20800 2,0
21000 3
21200 2
21400 1
21600 0,3
21800 1
22000 2
22200 3
22400 2,0
22600 1
22800 0
23000 1
23200 2,0
23400 3
23600 2
23800 1
24000 0,3
24200 1
24400 2
24600 3
24800 2,0
25000 1
25200 0
25400 1
25600 0,2
26400 3,0
26600 1
26700 2
26900 2
27000 1
27200 0,3
28000 1,0
28800 2,3
29600 0
29800 1
30000 2
30200 0
30400 1
31200 2,1
32000 1
32200 2
32300 0
32500 1
32600 3
32800 2
33000 0
33200 2
33400 1
33600 3
33800 1
33900 0
34100 3
34200 1
34400 0
34600 1
34800 0
35000 3
35200 0
35400 2
35500 1
35700 0
35800 3
36000 1
36200 0
36400 3
36600 2
36800 0
37000 2
37100 3
37300 1
37400 0
37600 3,0
37800 1
38000 0
38200 1
38400 3,0
40400 0,2,1
40800 3,2,1
41200 1,2,0
41600 1,2,3
42900 3,0
43000 2,1
43100 0,3
44800 3
44900 3
45000 3,0
45100 3
45200 3,0
45300 3
45400 3,0
45500 3
45600 3,0
45700 3
45800 3,0
45900 3
46000 3,0
46100 3
46200 3,0
46300 3
46400 3
48000 0
48100 0
48200 0,3
48300 0
48400 0,3
48500 0
48600 0,3
48700 0
48800 0,3
48900 0
49000 0,3
49100 0
49200 3,0
49300 0
49400 3,0
49500 0
49600 0
51200 1
51300 2
51400 1,0
51500 3
51600 2
51700 0
51800 1
51900 2,3
52000 1
52100 0
52200 1,2
52300 3
52400 1
52500 2
52600 0
52700 1,2
52800 3
52900 1
53000 0
53100 3,2
53200 1
53300 0
53400 1
53500 2
53600 0
53700 1
53800 3
53900 1,2
54000 0
54100 2
54200 0,1
54300 3
54400 0
57600 0,3,2
58000 1,3
58400 1,2,3
58800 0,2
59200 1,0,2
59600 1,3
60000 1,2,3
60100 0
60200 1
60300 2
60400 1
60500 2
60600 1
60700 0
60800 2,3,1
61200 0,2
61600 1,2,3
62000 0,3
62400 0,1,2
62800 1,2
63200 1,2,0
63300 3
63400 2
63500 1
63600 2
63700 1
63800 2
63900 3
64000 2,1,0
64200 2
64400 1,2,0
64600 2
64800 1,0,2
65000 1
65200 1,0
65400 1
65600 1,2,3
65800 1
66000 1,0
66200 1
66400 1,2,3
66500 0
66600 1
66700 2
66800 1
66900 2
67000 1
67100 0
67200 1,2,3
67400 1
67600 1,3,2
67800 1
68000 3,2,1
68200 1
68400 2,3,1
68600 1
68800 2,1,0
68900 3
69000 2
69100 3
69200 2
69300 1
69400 0
69500 1
69600 2
69700 1
69800 2
69900 1
70000 0
70100 1
70200 2
70300 3
70400 2
72000 1
72100 2
72200 3
72400 0
72500 1,2
72800 3
73000 2
73100 1,0
73600 1,3
73800 0
74000 1,3
74200 0
74400 1,3
74800 1,2,3,0
75200 0
75300 1
75400 2
75600 2
75700 1,0
76000 3
76200 2
76300 1,0
76800 0,1,3
77000 2
77200 0,2,3
77400 1
77600 0,2,1
78000 0,1,2,3
78400 0
78500 3
78600 2
78700 0
78800 2
78900 3
79000 0
79100 1
79200 2
79400 0
79500 2,1
80000 0
80100 1,2
80200 3
80400 2
80600 1
80700 0
80800 2
81200 2,1,0,3
81600 0
81700 1
81800 2
81900 1
82000 0
82100 1
82200 0
82300 1
82400 2
82500 3
82600 2
82700 1
82800 2
82900 3
83000 2
83100 1
83200 2
83300 3
83400 2
83500 1
83600 0
83700 1
83800 0
83900 1
84000 2
84200 0
84300 1
84800 0
84900 3
85000 1
85100 2
85200 0
85300 2
85400 1
85500 3
85600 1
85700 2
85800 0
85900 2
86000 1
86100 3
86200 2
86300 0
86400 1
86500 3
86600 0
86700 2
86800 1
86900 2
87000 0
87100 3
87200 2
87300 0
87400 1
87500 2
87600 1
87700 3
87800 1
87900 2
88000 0,3
88100 1
88200 0
88300 2
88400 3
88500 1,0
88600 3
88700 2
88800 0,3
88900 2
89000 1
89100 2
89200 1
89300 3,0
89400 2
89500 1
89600 3,0
89700 2
89800 3
89900 0
90000 2
90100 1
90200 0
90300 3
90400 2,0
90500 1
90600 3
90700 2
90800 1
90900 2
91000 0
91100 2
91200 1
92000 0,3,1,2
92200 3
92400 3,0,1,2
92600 2
92800 0,3,1,2
93000 1
93200 1,0,2,3
93400 0
93600 1,2,0,3
93800 1
94000 3,2,1,0
94200 2
94400 3,2,1,0
94600 3
94800 3,2,1,0
95000 2
95200 3,2,1,0
95400 1
95600 0,1,2,3
95800 0
96000 0,1,2,3
96200 1
96400 0,1,2,3
96600 2
96800 3,2,1,0
97000 3
97200 3,2,1,0
97400 2
97600 1,3,2,0
104000 1
104400 1
104800 1
105000 2
105200 1
105400 2
105600 1
106000 1
106400 1
106800 1
107000 0
107200 1
107600 1
108000 1
108400 1
108600 0
108800 1
109000 2
109200 1
109400 0
109600 1
109800 2
110000 3
110200 2
110400 1
110800 1
111000 0
111200 1
111600 1
111800 0
112000 1
112200 2
112400 1
112800 1
113200 1
113400 2
113600 1
114000 1
114200 0
114400 1
114800 1
115000 2
115200 1
115400 0
115600 1
115800 2
116000 1
116200 0
116400 1
116800 1,2
117600 1,2
117800 0
118000 1
118200 0
118400 1,2
118800 1
119200 1
119400 3
119600 2
119800 3
120000 0,1
120400 2
120800 0,1
121200 1
121600 1,2
121800 3
122000 2
122200 1
122400 1,0
122600 1
122800 2
123000 1
123200 1,0
123600 2
123800 3
124000 0,1
129600 0
129700 1
129800 2
129900 1
130000 2
130100 3
130200 2
130300 3
130400 0