1472 0,3
1840 3,0
2208 3,0
2576 3,0
2944 0,3
3312 3,0
3496 0,3
3865 1,2
4417 3,1
4785 2
5153 1
5521 2
5889 0
6257 2
6625 1
6993 2
7361 0
8098 1,2
8466 2
8834 2
9202 2
9386 2
9570 2
10306 1
10674 1
11042 2
11134 1
11226 2
11319 1
11411 2
11779 2
12147 2
12515 1
12607 2
12699 1
12791 2
12883 1
13251 0
13435 2
13619 0
13803 2
13987 0
14171 2
14355 0
14447 1
14539 0
14723 0,3
15828 0
16196 0
16564 0
16932 0
17024 2
17116 0
17208 2
17300 0
17668 3
17852 3
18036 3
18404 3
18496 1
18588 3
18680 1
18773 3
19141 0
19509 0
19877 0
19969 3
20061 0
20153 3
20245 0
20613 3
20981 1
21349 0
22085 3
22822 3
22914 1
23006 3
23098 1
23190 3
24294 0
24386 2
24478 0
24570 2
24662 0
25030 3
25766 3
25858 1
25950 3
26042 1
26134 3
26503 0,3
27239 0,3
27975 0
28067 1
28159 0
28251 1
28343 0
28435 1
28527 0
28711 3
28803 2
28895 3
28987 2
29079 3
29171 2
29263 3
29447 1
29539 2
29631 1
29723 2
29815 1
29907 2
30000 1
30092 2
30184 1
30276 2
30368 1
30920 1
31288 1
31656 1
32024 1
32392 2
32484 1
32576 3
32668 0
32760 2
32852 1
32944 3
33036 0
33865 1
34601 1
35337 1
36073 1
36809 1
36993 2
37177 1
37361 2
37546 1
37730 2
37914 1
38834 3
38926 2
39018 1
39110 0
39202 1
39294 2
39386 3
39754 0
40122 3
40490 0
40858 2
41226 1
41595 3
41963 0
42699 3
43067 2
43435 1
43803 0
44171 3
44907 0
45644 0
45736 3
45828 0
45920 3
46012 0
46104 3
46196 0
46288 3
46380 0
47116 3
47208 0
47300 3
47392 0
47484 3
47576 0
47668 3
47760 0
47852 3
48588 0
48773 1
48957 2
49141 3
49325 2
49509 1
49693 0
49877 1
50061 2
50429 2
50797 2
51165 2
51533 2,1
52269 2
52638 1,2
53374 1
53742 0,3
54478 3
54846 3,0
55582 0
55950 1,0
56687 0
57055 2,3
57791 3
58159 1,3
58895 3
59263 2,0
60000 0
60368 1,2
61104 2
61472 2,1
62208 1
62576 1,0
63312 0
63680 2,3
64417 3
64785 1,3
65521 3
65889 2,0
66625 0
66993 1,2
69202 0
69754 3
69846 2
69938 1
70030 0
70122 1
70214 2
70306 3
70674 3
71411 3
71595 2
71779 3
71963 2
72147 3
72699 0
72791 1
72883 2
72975 3
73067 2
73159 1
73251 0
73619 0
74171 0
74355 1
74539 0
74723 1
75092 2
75644 1
75736 2
75828 3
75920 2
76012 1
76104 0
76196 1
76564 1
77116 2
77300 1
77484 2
77668 1
78036 2
78773 1
79509 2
80613 3,0
81349 0
81717 3
81901 0
82085 3
82453 0,3
82822 2
83190 3
83558 3
83742 0
83926 3
84294 0,3
84662 3
85030 3
85122 1
85214 3
85398 2,1
86503 0,3
87239 3
87607 0
87791 3
87975 0
88343 3,0
88711 2
89079 3
89171 2
89263 0
89447 3
89631 0
89815 3
90000 0
90184 0
91288 3,1
91656 2,0
92024 3,1
92760 0,2
93865 3
94049 1
94233 3
94601 3,1
95705 0,2
96809 1
96993 0
97177 1
97546 3,1
98650 2,0
99478 3
99570 2
99754 1,3
100582 0
100674 1
100858 3
101042 0
101226 3
101595 1,2
102423 1
102515 2
103067 1,2
103435 1,2
103803 1,2
104539 2,3
107116 0
107484 0,1
110061 3
110613 0
110797 2
110981 0
111165 2
111349 0
111533 3
111717 1
111901 3
112085 1
112269 3
112638 0
113374 0
113558 2
113742 0
113926 2
114110 0
114294 2
114478 0
114662 2
114846 0
115582 0
115950 2
116319 2,0
117147 2
117239 1
117331 2
117423 1
117791 1,2
118619 1
118711 2
118803 1
118895 2
119263 1,2
120092 2
120184 1
120368 1
121656 1
121840 2
122024 1
122208 1,2
123496 1
123680 2
123865 1
124049 2
124233 1
124417 2
124785 1,2
125613 2
125705 1
125889 1
126257 1
126625 1
127546 2
127638 1
127730 1
128834 1
129018 2
129202 1
129570 2,1
130674 1
130858 2
131042 1
131411 2
131595 1
131779 2
132147 3
132515 2
132883 1
133251 0
133987 0,3
134907 3
135092 3
135460 0,3
136380 0
136564 0
136932 0
137024 1
137116 2
137300 3
137392 2
137484 1
137668 0
137760 1
137852 2
138036 3
138128 2
138220 1
138404 0
138496 1
138588 2
138773 3
138865 2
138957 1
139141 0
139877 3,0
140705 3
140797 2
141349 3,0
142177 0
142269 1
142822 3
142914 2
143006 1
143190 0
143282 1
143374 2
143558 3
143650 2
143742 1
143926 0
144018 1
144110 2
144294 1,2
144662 1,2
145030 1,2
145766 1,2
148711 1,2
151656 1,2
154969 2,1
155061 2,1
157453 1,2
157546 1,2
158650 1,2